# unix_time, cycles_done, cur_path, paths_total, pending_total, pending_favs, map_size, unique_crashes, unique_hangs, max_depth, execs_per_sec
1722895764, 0, 0, 2, 2, 2, 0.14%, 0, 0, 1, 4000.00
1722895769, 0, 1, 56, 55, 16, 0.22%, 30, 0, 2, 7223.84
1722895775, 0, 41, 60, 48, 6, 0.22%, 30, 0, 3, 8256.91
1722895780, 1, 12, 61, 41, 0, 0.22%, 30, 0, 3, 8382.43
1722895785, 1, 50, 63, 38, 0, 0.22%, 30, 0, 3, 7770.97
1722895790, 1, 63, 64, 36, 0, 0.22%, 30, 0, 4, 7716.67
1722895795, 2, 23, 64, 35, 0, 0.22%, 30, 0, 4, 925.21
1722895800, 2, 53, 66, 32, 0, 0.22%, 30, 0, 4, 7496.82
1722895805, 3, 11, 67, 30, 0, 0.22%, 30, 0, 4, 7751.65
1722895810, 3, 49, 67, 23, 0, 0.22%, 30, 0, 4, 779.31
1722895820, 3, 64, 68, 20, 0, 0.22%, 30, 0, 4, 5879.46
1722895825, 4, 46, 68, 16, 0, 0.22%, 30, 0, 4, 7792.39
1722895830, 5, 55, 68, 14, 0, 0.22%, 30, 0, 4, 1131.11
