# unix_time, cycles_done, cur_path, paths_total, pending_total, pending_favs, map_size, unique_crashes, unique_hangs, max_depth, execs_per_sec
1722893994, 0, 0, 1, 1, 1, 0.18%, 0, 0, 1, 4000.00
1722893999, 0, 0, 125, 125, 1, 0.46%, 41, 0, 2, 7092.08
1722894004, 0, 27, 131, 129, 28, 0.47%, 44, 0, 3, 7879.37
1722894009, 0, 41, 131, 127, 26, 0.47%, 44, 0, 3, 7630.77
1722894014, 0, 51, 133, 127, 24, 0.47%, 44, 0, 3, 8009.32
1722894019, 0, 62, 133, 124, 22, 0.47%, 44, 0, 3, 7815.41
1722894024, 0, 76, 134, 123, 20, 0.47%, 45, 0, 3, 7554.31
1722894029, 0, 92, 136, 122, 19, 0.47%, 45, 0, 3, 8039.86
1722894035, 0, 102, 144, 128, 17, 0.49%, 49, 0, 3, 7882.51
1722894040, 0, 104, 150, 133, 23, 0.53%, 54, 0, 3, 7861.41
1722894045, 0, 111, 152, 132, 20, 0.54%, 55, 0, 3, 8094.13
1722894050, 0, 118, 154, 132, 18, 0.55%, 56, 0, 3, 8066.87
1722894055, 0, 127, 159, 135, 18, 0.55%, 58, 0, 3, 8045.77
1722894060, 0, 127, 171, 147, 18, 0.56%, 58, 0, 3, 8006.81
1722894065, 0, 132, 171, 144, 16, 0.56%, 58, 0, 3, 7866.58
1722894070, 0, 134, 173, 144, 15, 0.56%, 59, 0, 4, 7992.26
1722894075, 0, 138, 173, 142, 13, 0.56%, 59, 0, 4, 8101.65
1722894080, 0, 140, 176, 143, 11, 0.56%, 60, 0, 4, 8104.11
1722894085, 0, 144, 176, 141, 9, 0.56%, 60, 0, 4, 8147.52
1722894091, 0, 147, 177, 140, 7, 0.56%, 60, 0, 4, 8076.46
1722894096, 0, 151, 178, 140, 6, 0.56%, 61, 0, 4, 8036.26
1722894101, 0, 153, 181, 141, 5, 0.56%, 63, 0, 4, 7724.23
1722894106, 0, 164, 181, 139, 3, 0.56%, 64, 0, 4, 7337.97
1722894111, 0, 178, 181, 137, 1, 0.56%, 65, 0, 4, 7598.41
1722894116, 0, 178, 185, 141, 1, 0.56%, 65, 0, 5, 7509.33
1722894121, 0, 182, 190, 145, 0, 0.56%, 65, 0, 6, 7648.40
1722894126, 1, 4, 194, 148, 0, 0.56%, 65, 0, 6, 7501.40
1722894131, 1, 22, 194, 146, 0, 0.56%, 65, 0, 6, 7535.07
1722894136, 1, 26, 194, 144, 0, 0.56%, 65, 0, 6, 7776.00
1722894141, 1, 31, 194, 142, 0, 0.56%, 65, 0, 6, 7935.48
1722894146, 1, 36, 194, 140, 0, 0.56%, 65, 0, 6, 7899.05
1722894151, 1, 53, 194, 136, 0, 0.56%, 65, 0, 6, 8045.97
1722894156, 1, 59, 194, 134, 0, 0.56%, 65, 0, 6, 8008.15
1722894162, 1, 65, 194, 132, 0, 0.56%, 65, 0, 6, 8069.61
