# unix_time, cycles_done, cur_path, paths_total, pending_total, pending_favs, map_size, unique_crashes, unique_hangs, max_depth, execs_per_sec
1722890577, 0, 0, 2, 2, 2, 0.13%, 0, 0, 1, 5333.33
1722890582, 0, 0, 19, 19, 2, 0.13%, 0, 1, 2, 117.58
1722890588, 0, 0, 25, 25, 2, 0.13%, 0, 1, 2, 72.03
1722890598, 0, 0, 26, 26, 2, 0.13%, 0, 1, 2, 63.06
1722890603, 0, 0, 28, 28, 2, 0.13%, 0, 1, 2, 65.80
1722890608, 0, 0, 29, 29, 2, 0.13%, 0, 1, 2, 59.69
1722890613, 0, 0, 30, 30, 2, 0.13%, 0, 1, 2, 52.44
1722890618, 0, 1, 32, 31, 4, 0.13%, 0, 1, 2, 64.12
1722890643, 0, 1, 33, 32, 4, 0.13%, 0, 1, 2, 55.27
1722890648, 0, 14, 34, 32, 3, 0.13%, 0, 1, 3, 63.79
1722890683, 0, 16, 34, 31, 2, 0.13%, 0, 1, 3, 61.97
1722890719, 0, 22, 34, 30, 1, 0.13%, 0, 1, 3, 61.35
1722890754, 0, 24, 34, 29, 0, 0.13%, 0, 1, 3, 60.97
1722890784, 1, 1, 39, 33, 0, 0.13%, 0, 1, 3, 62.58
1722890789, 1, 1, 42, 36, 0, 0.13%, 0, 1, 3, 56.66
1722890794, 1, 1, 43, 37, 0, 0.13%, 0, 1, 3, 55.59
1722890799, 1, 1, 44, 38, 0, 0.13%, 0, 1, 3, 54.07
1722890804, 1, 1, 45, 39, 0, 0.13%, 0, 1, 3, 57.35
1722890809, 1, 1, 47, 41, 0, 0.13%, 0, 1, 3, 56.61
1722890814, 1, 1, 50, 44, 0, 0.13%, 0, 1, 3, 58.47
1722890825, 1, 1, 53, 47, 0, 0.13%, 0, 1, 3, 57.33
1722890845, 1, 1, 54, 48, 0, 0.13%, 0, 1, 3, 53.95
1722890875, 1, 1, 55, 49, 0, 0.13%, 0, 1, 3, 54.51
1722890930, 1, 1, 56, 50, 0, 0.13%, 0, 1, 3, 53.32
1722890940, 1, 34, 56, 50, 5, 0.13%, 0, 1, 3, 54.93
1722890956, 1, 35, 56, 49, 4, 0.13%, 0, 1, 3, 54.18
1722890961, 1, 35, 57, 50, 4, 0.13%, 0, 1, 3, 60.17
1722890976, 1, 42, 57, 49, 3, 0.13%, 0, 1, 3, 61.63
1722890991, 1, 43, 57, 48, 2, 0.13%, 0, 1, 3, 55.89
1722891031, 1, 43, 58, 49, 2, 0.13%, 0, 1, 3, 62.44
1722891046, 1, 47, 58, 48, 1, 0.13%, 0, 1, 3, 56.34
