# unix_time, cycles_done, cur_path, paths_total, pending_total, pending_favs, map_size, unique_crashes, unique_hangs, max_depth, execs_per_sec
1722895568, 0, 0, 2, 2, 2, 0.11%, 0, 0, 1, 5333.33
1722895574, 0, 0, 52, 52, 2, 0.17%, 38, 0, 2, 7553.41
1722895579, 0, 17, 58, 53, 13, 0.17%, 38, 0, 3, 8136.39
1722895584, 0, 29, 60, 52, 11, 0.17%, 39, 0, 3, 8221.16
1722895589, 0, 58, 62, 45, 1, 0.17%, 39, 0, 3, 7883.01
1722895594, 1, 11, 64, 44, 0, 0.17%, 39, 0, 4, 8271.61
1722895599, 1, 28, 65, 41, 0, 0.17%, 39, 0, 4, 8262.72
1722895604, 1, 49, 65, 36, 0, 0.17%, 39, 0, 4, 8128.36
1722895609, 2, 6, 65, 33, 0, 0.17%, 39, 0, 4, 7681.05
1722895614, 2, 20, 65, 30, 0, 0.17%, 39, 0, 4, 8023.16
1722895620, 2, 48, 65, 25, 0, 0.17%, 39, 0, 4, 7893.75
1722895625, 2, 62, 65, 22, 0, 0.17%, 39, 0, 4, 6051.12
1722895630, 2, 64, 65, 21, 0, 0.17%, 39, 0, 4, 265.25
1722895650, 3, 25, 65, 18, 0, 0.17%, 39, 0, 4, 7826.29
1722895656, 3, 65, 66, 16, 0, 0.17%, 39, 0, 4, 7885.00
1722895661, 4, 33, 66, 14, 0, 0.17%, 39, 0, 4, 7549.78
1722895666, 5, 66, 67, 12, 0, 0.17%, 40, 0, 4, 7553.44
