# unix_time, cycles_done, cur_path, paths_total, pending_total, pending_favs, map_size, unique_crashes, unique_hangs, max_depth, execs_per_sec
1722895886, 0, 0, 2, 2, 2, 0.16%, 0, 0, 1, 5333.33
1722895891, 0, 1, 56, 55, 15, 0.24%, 26, 0, 2, 7470.04
1722895897, 0, 52, 58, 44, 3, 0.24%, 28, 0, 3, 7637.74
1722895902, 1, 33, 64, 41, 0, 0.24%, 29, 0, 5, 7132.35
1722895907, 1, 65, 67, 38, 1, 0.24%, 29, 0, 5, 6970.82
1722895912, 2, 31, 67, 29, 0, 0.24%, 29, 0, 5, 7470.86
1722895917, 2, 69, 70, 27, 1, 0.24%, 30, 0, 6, 8006.57
1722895922, 3, 55, 74, 25, 0, 0.24%, 30, 0, 6, 7713.96
1722895927, 4, 68, 76, 21, 0, 0.24%, 30, 0, 6, 7984.53
1722895932, 5, 10, 78, 20, 0, 0.24%, 30, 0, 6, 8014.06
1722895937, 6, 19, 79, 15, 0, 0.24%, 32, 0, 6, 8188.00
