# unix_time, cycles_done, cur_path, paths_total, pending_total, pending_favs, map_size, unique_crashes, unique_hangs, max_depth, execs_per_sec
1722891563, 0, 0, 3, 3, 2, 0.02%, 0, 0, 1, 8000.00
1722891568, 0, 1, 5, 5, 2, 0.02%, 0, 3, 2, 35.85
1722891573, 0, 1, 6, 6, 2, 0.02%, 0, 3, 2, 50.65
1722891578, 0, 1, 7, 7, 2, 0.03%, 0, 3, 2, 54.26
1722891613, 0, 2, 7, 6, 4, 0.03%, 0, 3, 2, 58.20
1722891618, 0, 2, 8, 7, 4, 0.03%, 0, 3, 2, 55.61
1722891629, 0, 2, 9, 8, 4, 0.03%, 0, 3, 2, 57.27
1722891659, 0, 4, 9, 7, 4, 0.03%, 0, 3, 2, 56.73
1722891674, 0, 4, 10, 8, 4, 0.03%, 0, 3, 3, 55.68
1722891679, 0, 4, 11, 9, 4, 0.03%, 0, 3, 3, 54.87
1722891704, 0, 4, 12, 10, 4, 0.03%, 0, 3, 3, 57.36
1722891790, 0, 4, 13, 11, 4, 0.03%, 0, 3, 3, 55.23
1722891821, 0, 4, 14, 12, 4, 0.03%, 0, 3, 3, 55.86
1722892063, 0, 4, 15, 13, 4, 0.03%, 0, 3, 3, 54.62
1722892275, 0, 5, 15, 12, 3, 0.03%, 0, 3, 3, 56.43
1722892285, 0, 5, 16, 13, 3, 0.03%, 0, 3, 3, 56.91
1722892320, 0, 5, 17, 14, 3, 0.03%, 0, 3, 3, 54.36
1722892361, 0, 6, 17, 13, 2, 0.03%, 0, 3, 3, 54.57
1722892376, 0, 7, 17, 12, 1, 0.03%, 0, 3, 3, 60.35
1722892391, 0, 7, 18, 13, 1, 0.03%, 0, 3, 3, 56.94
1722892411, 0, 7, 19, 14, 1, 0.06%, 0, 3, 3, 55.38
1722892457, 0, 18, 21, 15, 1, 0.06%, 0, 3, 4, 61.60
1722892462, 0, 18, 24, 18, 1, 0.06%, 0, 3, 4, 67.50
1722892497, 0, 20, 24, 17, 1, 0.06%, 0, 3, 4, 57.87
