# unix_time, cycles_done, cur_path, paths_total, pending_total, pending_favs, map_size, unique_crashes, unique_hangs, max_depth, execs_per_sec
1722893605, 0, 0, 2, 2, 2, 0.12%, 0, 0, 1, 4000.00
1722893611, 0, 0, 102, 102, 2, 0.28%, 42, 0, 2, 7684.49
1722893616, 0, 5, 125, 123, 33, 0.29%, 51, 0, 3, 8413.58
1722893621, 0, 19, 127, 123, 32, 0.29%, 52, 0, 3, 8319.96
1722893626, 0, 25, 136, 130, 32, 0.30%, 54, 0, 3, 8527.55
1722893631, 0, 36, 139, 131, 30, 0.30%, 54, 0, 3, 8445.88
1722893636, 0, 48, 139, 129, 28, 0.30%, 54, 0, 3, 8513.51
1722893641, 0, 66, 139, 125, 24, 0.30%, 54, 0, 3, 8491.25
1722893646, 0, 77, 140, 122, 19, 0.30%, 54, 0, 3, 8551.19
1722893651, 0, 91, 150, 129, 19, 0.30%, 57, 0, 3, 8522.39
1722893656, 0, 94, 160, 138, 21, 0.31%, 62, 0, 3, 8486.38
1722893661, 0, 105, 164, 139, 18, 0.31%, 62, 0, 4, 8362.77
1722893667, 0, 108, 168, 141, 15, 0.31%, 62, 0, 4, 8387.88
1722893672, 0, 126, 170, 141, 13, 0.31%, 62, 0, 4, 8064.01
1722893677, 0, 143, 174, 141, 9, 0.31%, 63, 0, 4, 8104.44
1722893682, 0, 148, 175, 140, 8, 0.31%, 63, 0, 4, 8048.68
1722893687, 0, 149, 192, 156, 7, 0.31%, 64, 0, 4, 8195.82
1722893692, 0, 163, 196, 158, 7, 0.31%, 65, 0, 5, 7976.45
1722893697, 0, 164, 202, 163, 6, 0.31%, 65, 0, 5, 8213.40
1722893702, 0, 166, 210, 170, 6, 0.31%, 65, 0, 5, 7994.72
1722893707, 0, 175, 211, 168, 4, 0.31%, 65, 0, 5, 7913.41
1722893712, 0, 181, 213, 169, 3, 0.31%, 65, 0, 5, 7870.76
1722893717, 0, 184, 219, 173, 1, 0.31%, 66, 0, 5, 7678.77
1722893722, 1, 30, 219, 171, 0, 0.31%, 66, 0, 5, 7805.51
1722893727, 1, 34, 219, 168, 0, 0.31%, 66, 0, 5, 7933.10
1722893732, 1, 55, 219, 165, 0, 0.31%, 66, 0, 5, 7801.31
1722893737, 1, 60, 220, 164, 0, 0.31%, 66, 0, 5, 7712.90
1722893742, 1, 71, 220, 162, 0, 0.31%, 66, 0, 5, 8002.48
1722893747, 1, 83, 221, 161, 0, 0.31%, 66, 0, 5, 8044.05
1722893753, 1, 92, 222, 159, 0, 0.31%, 66, 0, 5, 7908.06
1722893758, 1, 97, 222, 157, 0, 0.31%, 66, 0, 5, 7988.30
1722893763, 1, 107, 222, 155, 0, 0.31%, 66, 0, 5, 8047.69
1722893768, 1, 116, 222, 153, 0, 0.31%, 66, 0, 5, 7824.91
1722893773, 1, 121, 224, 153, 0, 0.31%, 66, 0, 5, 7998.70
1722893778, 1, 136, 225, 151, 0, 0.31%, 66, 0, 5, 8031.83
1722893783, 1, 158, 233, 157, 0, 0.31%, 66, 0, 5, 8054.59
1722893788, 1, 176, 235, 157, 0, 0.31%, 66, 0, 5, 7908.25
1722893793, 1, 178, 235, 156, 0, 0.31%, 66, 0, 5, 7870.83
1722893798, 1, 194, 235, 154, 0, 0.31%, 66, 0, 5, 7945.78
1722893803, 1, 238, 239, 157, 1, 0.31%, 66, 0, 5, 8043.52
1722893808, 2, 9, 239, 155, 0, 0.31%, 66, 0, 5, 8139.09
1722893813, 2, 13, 239, 153, 0, 0.31%, 66, 0, 5, 7688.69
1722893818, 2, 23, 239, 150, 0, 0.31%, 66, 0, 5, 8035.23
1722893824, 2, 36, 239, 147, 0, 0.31%, 66, 0, 5, 8108.21
1722893829, 2, 59, 239, 145, 0, 0.31%, 66, 0, 5, 7997.89
