# unix_time, cycles_done, cur_path, paths_total, pending_total, pending_favs, map_size, unique_crashes, unique_hangs, max_depth, execs_per_sec
1722897372, 0, 0, 2, 2, 2, 0.05%, 0, 0, 1, 5333.33
1722897377, 0, 1, 40, 39, 12, 0.07%, 13, 0, 2, 7663.68
1722897382, 0, 13, 43, 36, 8, 0.07%, 13, 0, 3, 8066.09
1722897387, 0, 28, 46, 35, 5, 0.07%, 14, 0, 3, 8027.69
1722897392, 0, 41, 54, 40, 4, 0.07%, 15, 0, 4, 8101.83
1722897397, 0, 53, 57, 39, 2, 0.07%, 15, 0, 4, 8117.27
1722897402, 1, 18, 57, 34, 0, 0.07%, 15, 0, 4, 8240.89
1722897407, 1, 40, 60, 34, 0, 0.07%, 15, 0, 4, 8162.52
1722897413, 1, 52, 60, 31, 0, 0.07%, 15, 0, 4, 8214.71
1722897418, 2, 21, 60, 27, 0, 0.07%, 15, 0, 4, 8208.55
1722897423, 2, 60, 63, 27, 0, 0.07%, 15, 0, 6, 8102.30
1722897428, 3, 32, 63, 23, 0, 0.07%, 15, 0, 6, 8128.63
1722897433, 4, 1, 64, 21, 0, 0.07%, 15, 0, 6, 8083.47
1722897438, 4, 63, 65, 19, 0, 0.07%, 15, 0, 6, 8145.36
1722897443, 5, 26, 66, 18, 0, 0.07%, 15, 0, 6, 8182.05
