# unix_time, cycles_done, cur_path, paths_total, pending_total, pending_favs, map_size, unique_crashes, unique_hangs, max_depth, execs_per_sec
1722892580, 0, 0, 3, 3, 3, 0.06%, 0, 0, 1, 6000.00
1722892585, 0, 1, 69, 68, 23, 0.14%, 35, 0, 2, 7954.00
1722892590, 0, 1, 82, 81, 23, 0.17%, 38, 0, 2, 8261.01
1722892595, 0, 14, 88, 84, 27, 0.18%, 40, 0, 3, 7610.03
1722892601, 0, 22, 100, 93, 29, 0.19%, 45, 0, 3, 8230.71
1722892606, 0, 29, 104, 93, 26, 0.19%, 48, 0, 3, 8403.95
1722892611, 0, 55, 106, 90, 21, 0.19%, 49, 0, 3, 8549.84
1722892616, 0, 70, 113, 94, 18, 0.20%, 52, 0, 3, 8496.38
1722892621, 0, 72, 118, 97, 20, 0.20%, 53, 0, 3, 8506.18
1722892626, 0, 77, 123, 99, 17, 0.21%, 54, 0, 3, 8365.94
1722892631, 0, 77, 136, 112, 17, 0.23%, 58, 0, 3, 8073.45
1722892636, 0, 87, 137, 109, 20, 0.23%, 60, 0, 3, 8325.76
1722892641, 0, 95, 138, 107, 17, 0.23%, 60, 0, 4, 7919.19
1722892646, 0, 99, 144, 110, 15, 0.23%, 61, 0, 4, 8122.09
1722892651, 0, 111, 146, 109, 12, 0.23%, 62, 0, 4, 7898.49
1722892656, 0, 113, 151, 113, 12, 0.23%, 64, 0, 4, 7863.44
1722892661, 0, 119, 153, 113, 10, 0.23%, 65, 0, 4, 7083.48
1722892666, 0, 119, 158, 118, 10, 0.23%, 65, 0, 4, 7551.26
1722892672, 0, 123, 161, 119, 9, 0.23%, 66, 0, 4, 7955.05
1722892677, 0, 126, 164, 120, 7, 0.23%, 67, 0, 4, 8206.16
1722892682, 0, 129, 165, 120, 6, 0.23%, 67, 0, 4, 8124.73
1722892687, 0, 139, 168, 121, 4, 0.23%, 68, 0, 5, 8104.94
1722892692, 0, 145, 171, 122, 5, 0.23%, 68, 0, 5, 8232.75
1722892697, 0, 157, 175, 125, 4, 0.24%, 68, 0, 5, 8171.30
1722892702, 0, 170, 179, 127, 5, 0.24%, 69, 0, 6, 8030.75
1722892707, 0, 173, 181, 127, 3, 0.24%, 69, 0, 6, 8139.16
1722892712, 0, 174, 182, 127, 2, 0.24%, 71, 0, 6, 8085.93
1722892718, 0, 174, 188, 133, 2, 0.25%, 72, 0, 6, 7911.63
1722892723, 0, 182, 189, 133, 3, 0.25%, 73, 0, 7, 8024.06
1722892728, 0, 188, 203, 146, 1, 0.25%, 74, 0, 8, 8007.43
1722892733, 0, 191, 206, 148, 2, 0.25%, 74, 0, 8, 7886.98
1722892738, 0, 199, 206, 147, 1, 0.25%, 75, 0, 8, 7814.73
1722892743, 1, 5, 206, 145, 0, 0.25%, 75, 0, 8, 7959.48
1722892748, 1, 21, 206, 141, 0, 0.25%, 75, 0, 8, 7842.24
1722892753, 1, 48, 206, 138, 0, 0.25%, 75, 0, 8, 7824.78
1722892758, 1, 57, 207, 136, 0, 0.25%, 75, 0, 8, 8011.89
1722892763, 1, 65, 207, 133, 0, 0.25%, 75, 0, 8, 7809.02
1722892768, 1, 89, 207, 130, 0, 0.25%, 75, 0, 8, 7680.39
1722892773, 1, 110, 207, 128, 0, 0.25%, 75, 0, 8, 8013.18
1722892778, 1, 125, 207, 126, 0, 0.25%, 75, 0, 8, 8043.18
1722892783, 1, 150, 207, 124, 0, 0.25%, 75, 0, 8, 7881.12
1722892789, 1, 163, 210, 126, 0, 0.25%, 75, 0, 8, 7430.24
1722892794, 1, 196, 214, 128, 1, 0.25%, 75, 0, 8, 7822.55
1722892799, 1, 196, 223, 137, 1, 0.25%, 75, 0, 9, 7802.91
1722892804, 1, 213, 228, 141, 1, 0.25%, 75, 0, 9, 8053.00
1722892809, 1, 224, 230, 142, 1, 0.25%, 75, 0, 9, 8160.54
