# unix_time, cycles_done, cur_path, paths_total, pending_total, pending_favs, map_size, unique_crashes, unique_hangs, max_depth, execs_per_sec
1723072841, 0, 0, 2, 2, 2, 0.14%, 0, 0, 1, 4000.00
1723072846, 0, 0, 128, 128, 2, 0.31%, 3, 0, 2, 5140.56
1723072851, 0, 4, 138, 137, 44, 0.31%, 4, 0, 2, 5339.89
1723072856, 0, 7, 138, 135, 42, 0.31%, 4, 0, 2, 5396.79
1723072861, 0, 12, 141, 137, 41, 0.31%, 4, 0, 3, 5424.86
1723072867, 0, 19, 142, 136, 39, 0.31%, 5, 0, 3, 5132.91
1723072872, 0, 20, 144, 137, 38, 0.31%, 5, 0, 3, 4966.26
1723072877, 0, 22, 145, 136, 36, 0.31%, 5, 0, 3, 4919.69
1723072882, 0, 23, 145, 135, 35, 0.31%, 5, 0, 3, 4823.05
1723072887, 0, 25, 145, 133, 33, 0.31%, 5, 0, 3, 4874.60
1723072892, 0, 27, 146, 132, 31, 0.31%, 5, 0, 3, 4871.80
1723072897, 0, 30, 146, 130, 29, 0.31%, 5, 0, 3, 4946.21
1723072902, 0, 32, 147, 130, 28, 0.31%, 5, 0, 3, 4903.36
1723072907, 0, 34, 147, 128, 26, 0.31%, 5, 0, 3, 4996.58
1723072912, 0, 38, 147, 126, 24, 0.31%, 5, 0, 3, 4970.50
1723072917, 0, 41, 148, 126, 23, 0.31%, 5, 0, 3, 4989.24
1723072922, 0, 45, 155, 132, 22, 0.31%, 5, 0, 3, 4925.48
1723072928, 0, 45, 158, 135, 22, 0.31%, 6, 0, 3, 4997.56
1723072933, 0, 48, 158, 133, 20, 0.31%, 6, 0, 3, 4974.15
1723072938, 0, 57, 158, 130, 17, 0.31%, 6, 0, 3, 5030.72
1723072943, 0, 59, 159, 130, 16, 0.31%, 6, 0, 3, 5001.29
1723072948, 0, 80, 160, 128, 13, 0.31%, 6, 0, 3, 4586.44
1723072953, 0, 94, 160, 124, 9, 0.31%, 6, 0, 3, 4780.86
1723072958, 0, 96, 160, 122, 7, 0.31%, 6, 0, 3, 4960.92
1723072963, 0, 106, 164, 124, 5, 0.31%, 6, 0, 3, 4990.14
1723072968, 0, 119, 166, 125, 4, 0.31%, 6, 0, 3, 4433.46
1723072973, 0, 125, 167, 125, 4, 0.31%, 17, 0, 3, 4416.22
1723072978, 0, 135, 170, 127, 3, 0.31%, 17, 0, 3, 4364.00
1723072983, 0, 147, 170, 125, 1, 0.31%, 17, 0, 3, 4367.40
1723072988, 0, 165, 172, 126, 0, 0.31%, 17, 0, 4, 4400.46
1723072993, 0, 165, 178, 132, 0, 0.31%, 17, 0, 4, 4396.16
1723072998, 0, 177, 181, 134, 0, 0.31%, 18, 0, 5, 4404.24
1723073003, 0, 180, 181, 133, 0, 0.31%, 18, 0, 5, 4424.73
1723073009, 1, 10, 181, 131, 0, 0.31%, 18, 0, 5, 4381.03
1723073014, 1, 17, 181, 130, 0, 0.31%, 18, 0, 5, 4336.81
1723073019, 1, 31, 181, 129, 0, 0.31%, 20, 0, 5, 4298.05
1723073024, 1, 44, 181, 127, 0, 0.31%, 20, 0, 5, 4321.04
1723073029, 1, 55, 181, 126, 0, 0.31%, 20, 0, 5, 4359.34
1723073034, 1, 71, 181, 125, 0, 0.31%, 20, 0, 5, 4349.73
1723073039, 1, 74, 181, 123, 0, 0.31%, 20, 0, 5, 4403.38
1723073044, 1, 78, 181, 122, 0, 0.31%, 20, 0, 5, 4369.41
1723073049, 1, 92, 181, 120, 0, 0.31%, 20, 0, 5, 4342.24
1723073054, 1, 99, 181, 119, 0, 0.31%, 20, 0, 5, 4327.53
1723073059, 1, 110, 182, 119, 0, 0.31%, 20, 0, 5, 4305.62
1723073064, 1, 112, 182, 118, 0, 0.31%, 20, 0, 5, 4372.51
1723073069, 1, 114, 183, 118, 0, 0.31%, 20, 0, 5, 4348.04
1723073074, 1, 118, 184, 117, 0, 0.31%, 20, 0, 5, 4391.69
1723073079, 1, 126, 187, 119, 0, 0.31%, 20, 0, 5, 4361.13
1723073085, 1, 129, 188, 119, 0, 0.31%, 20, 0, 5, 4361.56
1723073090, 1, 134, 188, 118, 0, 0.31%, 20, 0, 5, 4428.67
1723073095, 1, 149, 189, 117, 0, 0.31%, 20, 0, 5, 4328.09
1723073100, 1, 150, 192, 119, 0, 0.31%, 20, 0, 5, 4299.34
1723073105, 1, 152, 192, 118, 0, 0.31%, 20, 0, 5, 4355.02
1723073110, 1, 155, 195, 120, 0, 0.31%, 20, 0, 5, 4371.78
1723073115, 1, 164, 195, 119, 0, 0.31%, 20, 0, 5, 4372.09
1723073120, 1, 174, 195, 117, 0, 0.31%, 22, 0, 5, 4374.31
1723073125, 1, 181, 196, 117, 0, 0.31%, 22, 0, 5, 4376.84
1723073130, 1, 182, 197, 117, 0, 0.31%, 22, 0, 5, 4394.29
1723073135, 1, 187, 198, 117, 0, 0.31%, 22, 0, 5, 4325.05
1723073140, 1, 190, 200, 118, 0, 0.31%, 22, 0, 5, 4288.93
1723073150, 1, 192, 200, 117, 0, 0.31%, 22, 0, 5, 4285.78
1723073156, 1, 197, 200, 116, 0, 0.31%, 22, 0, 5, 4299.38
1723073161, 2, 36, 200, 115, 0, 0.31%, 22, 0, 5, 4332.58
1723073166, 2, 39, 200, 114, 0, 0.31%, 22, 0, 5, 4345.81
1723073171, 2, 43, 200, 113, 0, 0.31%, 22, 0, 5, 4348.97
1723073176, 2, 50, 200, 111, 0, 0.31%, 22, 0, 5, 4374.24
1723073181, 2, 64, 200, 109, 0, 0.31%, 22, 0, 5, 4398.54
1723073186, 2, 72, 200, 108, 0, 0.31%, 22, 0, 5, 4309.62
1723073191, 2, 84, 200, 106, 0, 0.31%, 22, 0, 5, 4283.68
1723073196, 2, 90, 200, 105, 0, 0.31%, 22, 0, 5, 4334.03
1723073201, 2, 91, 200, 104, 0, 0.31%, 22, 0, 5, 4299.54
1723073206, 2, 97, 200, 103, 0, 0.31%, 22, 0, 5, 4365.81
1723073211, 2, 101, 200, 101, 0, 0.31%, 22, 0, 5, 4325.26
1723073216, 2, 113, 200, 100, 0, 0.31%, 22, 0, 5, 4250.37
1723073221, 2, 117, 200, 99, 0, 0.31%, 22, 0, 5, 4376.16
1723073226, 2, 158, 200, 97, 0, 0.31%, 23, 0, 5, 4405.92
1723073232, 2, 160, 200, 96, 0, 0.31%, 23, 0, 5, 4366.88
1723073237, 2, 176, 201, 95, 0, 0.31%, 23, 0, 5, 4416.14
1723073242, 2, 179, 202, 95, 0, 0.31%, 23, 0, 5, 4390.27
1723073247, 2, 183, 203, 95, 0, 0.31%, 23, 0, 5, 4383.70
1723073252, 2, 195, 203, 94, 0, 0.31%, 23, 0, 5, 4332.23
1723073257, 2, 196, 203, 93, 0, 0.31%, 23, 0, 5, 4390.86
1723073262, 2, 199, 204, 93, 0, 0.31%, 23, 0, 5, 4374.54
1723073267, 2, 201, 205, 93, 0, 0.31%, 23, 0, 6, 4424.37
1723073272, 2, 204, 205, 92, 0, 0.31%, 23, 0, 6, 4471.34
1723073277, 3, 16, 205, 91, 0, 0.31%, 23, 0, 6, 4420.92
1723073282, 3, 35, 205, 90, 0, 0.31%, 23, 0, 6, 4393.74
1723073287, 3, 67, 205, 89, 0, 0.31%, 23, 0, 6, 4403.92
1723073292, 3, 79, 205, 88, 0, 0.31%, 23, 0, 6, 4298.38
1723073297, 3, 100, 206, 88, 0, 0.31%, 23, 0, 6, 4368.04
1723073302, 3, 113, 207, 87, 0, 0.31%, 23, 0, 6, 4341.07
1723073307, 3, 124, 207, 86, 0, 0.31%, 23, 0, 6, 4358.90
1723073312, 3, 139, 207, 85, 0, 0.31%, 23, 0, 6, 4367.57
1723073317, 3, 151, 207, 84, 0, 0.31%, 23, 0, 6, 4396.36
1723073322, 3, 157, 208, 84, 0, 0.31%, 23, 0, 6, 4329.34
1723073328, 3, 168, 208, 83, 0, 0.31%, 23, 0, 6, 4293.54
1723073333, 3, 172, 211, 84, 0, 0.31%, 23, 0, 6, 4358.25
1723073338, 3, 175, 211, 83, 0, 0.31%, 23, 0, 6, 4394.74
1723073343, 3, 184, 211, 82, 0, 0.31%, 26, 0, 6, 4375.79
1723073348, 3, 185, 211, 81, 0, 0.31%, 26, 0, 6, 4372.93
1723073353, 3, 202, 211, 80, 0, 0.31%, 27, 0, 6, 4381.41
1723073363, 3, 209, 212, 80, 0, 0.31%, 27, 0, 6, 4392.97
1723073368, 4, 69, 212, 78, 0, 0.31%, 27, 0, 6, 4390.67
1723073373, 4, 104, 212, 77, 0, 0.31%, 27, 0, 6, 4381.40
1723073378, 4, 107, 212, 76, 0, 0.31%, 27, 0, 6, 4388.35
1723073384, 4, 111, 212, 75, 0, 0.31%, 27, 0, 6, 4383.59
1723073389, 4, 123, 212, 74, 0, 0.31%, 27, 0, 6, 4449.62
1723073394, 4, 127, 213, 74, 0, 0.31%, 27, 0, 6, 4433.91
1723073399, 4, 130, 213, 73, 0, 0.31%, 27, 0, 6, 4404.92
1723073404, 4, 133, 213, 72, 0, 0.31%, 27, 0, 6, 4348.52
1723073409, 4, 138, 214, 72, 0, 0.31%, 27, 0, 6, 4360.47
1723073414, 4, 144, 215, 71, 0, 0.31%, 27, 0, 6, 4375.71
1723073419, 4, 170, 216, 71, 0, 0.31%, 27, 0, 6, 4366.59
1723073424, 4, 173, 216, 70, 0, 0.31%, 27, 0, 6, 4409.28
1723073429, 4, 186, 216, 69, 0, 0.31%, 27, 0, 6, 5868.10
1723073434, 4, 203, 216, 67, 0, 0.31%, 27, 0, 6, 6188.10
