# unix_time, cycles_done, cur_path, paths_total, pending_total, pending_favs, map_size, unique_crashes, unique_hangs, max_depth, execs_per_sec
1722890095, 0, 0, 2, 2, 2, 0.08%, 0, 0, 1, 5333.33
1722890100, 0, 0, 8, 8, 2, 0.08%, 0, 1, 2, 105.86
1722890130, 0, 0, 9, 9, 2, 0.09%, 0, 1, 2, 52.24
1722890135, 0, 1, 15, 14, 4, 0.09%, 0, 1, 2, 66.97
1722890145, 0, 1, 16, 15, 4, 0.09%, 0, 1, 2, 59.90
1722890165, 0, 3, 16, 14, 5, 0.09%, 0, 1, 2, 61.03
1722890196, 0, 3, 17, 15, 5, 0.09%, 0, 1, 3, 53.44
1722890201, 0, 4, 17, 14, 4, 0.09%, 0, 1, 3, 61.88
1722890236, 0, 8, 17, 13, 3, 0.09%, 0, 1, 3, 60.76
1722890271, 0, 10, 18, 13, 2, 0.09%, 0, 1, 3, 62.87
1722890302, 0, 14, 19, 13, 2, 0.09%, 0, 1, 3, 63.18
1722890332, 0, 17, 20, 13, 2, 0.10%, 0, 1, 4, 61.90
1722890367, 0, 18, 20, 12, 2, 0.10%, 0, 1, 4, 63.88
1722890398, 0, 19, 21, 12, 1, 0.10%, 0, 1, 5, 62.95
1722890423, 0, 20, 22, 12, 1, 0.11%, 0, 1, 6, 63.12
1722890428, 0, 20, 23, 13, 1, 0.11%, 0, 1, 6, 57.83
1722890448, 0, 21, 23, 12, 2, 0.11%, 0, 1, 6, 57.42
1722890453, 0, 21, 24, 13, 2, 0.11%, 0, 1, 7, 57.85
1722890473, 0, 22, 24, 12, 2, 0.11%, 0, 1, 7, 62.25
1722890499, 0, 23, 25, 12, 1, 0.12%, 0, 1, 8, 61.63
1722890504, 0, 23, 26, 13, 1, 0.12%, 0, 1, 8, 57.64
1722890519, 0, 24, 27, 13, 2, 0.12%, 0, 1, 9, 59.40
1722890534, 0, 25, 27, 12, 2, 0.12%, 0, 1, 9, 62.02
