# unix_time, cycles_done, cur_path, paths_total, pending_total, pending_favs, map_size, unique_crashes, unique_hangs, max_depth, execs_per_sec
1722898179, 0, 0, 2, 2, 2, 0.09%, 0, 0, 1, 5333.33
1722898185, 0, 0, 66, 66, 2, 0.14%, 7, 0, 2, 6731.64
1722898190, 0, 4, 69, 67, 21, 0.14%, 8, 0, 2, 8177.27
1722898195, 0, 10, 70, 66, 20, 0.15%, 8, 0, 3, 8407.87
1722898200, 0, 14, 71, 65, 18, 0.15%, 8, 0, 3, 8460.79
1722898205, 0, 17, 71, 63, 16, 0.15%, 9, 0, 3, 8470.04
1722898210, 0, 19, 71, 62, 15, 0.15%, 9, 0, 3, 7915.85
1722898215, 0, 23, 73, 62, 14, 0.15%, 9, 0, 3, 8292.05
1722898220, 0, 38, 74, 60, 11, 0.15%, 9, 0, 3, 8568.28
1722898225, 0, 50, 75, 56, 6, 0.15%, 9, 0, 3, 8616.34
1722898230, 0, 69, 76, 53, 3, 0.15%, 9, 0, 4, 8603.45
1722898236, 0, 74, 77, 52, 2, 0.15%, 9, 0, 4, 8493.27
1722898241, 0, 76, 79, 52, 1, 0.15%, 9, 0, 5, 8503.24
1722898246, 0, 79, 80, 51, 1, 0.15%, 9, 0, 5, 8508.19
1722898251, 1, 15, 80, 49, 0, 0.15%, 9, 0, 5, 8418.29
1722898256, 1, 21, 80, 47, 0, 0.15%, 9, 0, 5, 8181.93
1722898261, 1, 43, 81, 45, 0, 0.15%, 9, 0, 5, 7889.45
1722898266, 1, 53, 82, 44, 0, 0.15%, 9, 0, 5, 7729.55
1722898271, 1, 68, 82, 42, 0, 0.15%, 9, 0, 5, 8174.91
1722898276, 1, 73, 83, 42, 0, 0.15%, 9, 0, 5, 8380.54
1722898281, 2, 5, 83, 40, 0, 0.15%, 9, 0, 5, 8301.67
1722898286, 2, 27, 84, 39, 0, 0.15%, 9, 0, 5, 8077.26
